1000000
102000000
10000
57.80
662.17
73.10
113694
14
57.80
662.17
73.10
186180
15
57.80
662.17
73.10
113859
16
57.80
662.17
73.10
88912
1
57.80
662.17
73.10
145598
1
52.77
534.70
73.10
88912
1
53.30
662.17
73.10
113694
43
53.30
662.17
73.10
186180
46
53.30
662.17
73.10
113859
48
53.30
662.17
73.10
88912
1
53.30
662.17
73.10
145598
1
53.30
662.17
73.10
85620
3
53.30
662.17
73.10
140207
1
47.08
534.70
73.10
88912
1
52.81
386.99
81.27
163934
1
52.81
386.99
81.27
257897
1
57.82
497.34
81.27
257897
1
53.34
497.34
81.27
257897
4
53.34
497.34
81.27
204852
1
47.12
386.99
81.27
206383
2
47.12
386.99
81.27
257897
1
-1